1.42
1.48
1.46
1.46
1.46
1.46
1.47
1.49
1.51
1.54
1.50
1.50
1.48
1.59
1.60
1.60
1.58
1.56
1.53
1.55
1.57
1.56
1.60
2.08
0.51
0.99
1.14
1.14
1.57
1.91
1.98
1.95
1.95
1.91
1.94
1.97
2.00
2.05
2.05
1.94
1.84
1.70
1.61
1.61
1.63
1.59
1.61
1.62
1.63
1.66
1.63
1.63
1.69
1.64
1.64
1.67
1.65
1.65
1.66
1.68
1.70
1.69
1.72
1.77
1.75
1.73
1.72
1.68
1.69
1.69
1.70
2.11
0.92
1.11
1.34
1.19
1.43
2.03
2.05
2.06
2.06
1.98
1.99
1.99
1.97
1.99
2.03
1.99
1.89
1.75
1.62
1.50
1.48
1.51
1.55
1.62
1.59
1.58
1.58
1.59
1.65
1.65
1.67
1.67
1.69
1.74
1.72
1.73
1.77
1.79
1.79
1.84
1.89
1.75
1.70
1.58
1.59
1.53
1.52
1.60
2.01
0.52
0.96
1.07
1.09
1.45
1.86
1.91
1.92
1.96
1.95
2.00
2.06
2.11
2.13
2.14
2.12
2.01
1.90
1.71
1.62
1.55
1.54
1.52
1.54
1.58
1.55
1.56
1.55
1.55
1.60
1.63
1.62
1.63
1.67
1.67
1.66
1.70
1.68
1.70
1.76
1.83
1.73
1.66
1.59
1.53
1.54
1.51
1.52
1.95
0.73
0.95
1.28
1.11
1.31
1.98
2.09
2.10
2.12
2.09
2.09
2.15
2.17
2.21
2.15
2.15
2.04
1.88
1.75
1.63
1.59
1.55
1.57
1.56
1.60
1.58
1.62
1.59
1.62
1.63
1.65
1.70
1.69
1.73
1.72
1.74
1.77
1.76
1.76
1.77
1.79
1.84
1.73
1.66
1.58
1.57
1.59
1.58
1.66
2.03
0.59
1.02
1.13
1.17
1.56
1.92
2.00
2.04
2.06
2.04
2.09
2.15
2.17
2.23
2.17
2.08
1.94
1.78
1.69
1.64
1.63
1.64
1.67
1.67
1.68
1.62
1.63
1.63
1.65
1.68
1.72
1.76
1.77
1.77
1.77
1.77
1.77
1.80
1.80
1.78
1.77
1.68
1.60
1.56
1.56
1.51
1.49
1.73
1.42
0.86
1.16
0.99
1.10
1.75
1.88
1.94
1.96
1.94
1.99
2.00
2.09
2.09
2.12
2.11
2.03
1.90
1.77
1.62
1.57
1.54
1.48
1.49
1.53
1.51
1.45
1.37
1.31
1.25
1.18
1.17
1.22
1.19
1.24
1.21
1.22
1.26
1.29
1.37
1.37
1.36
1.30
1.33
1.30
1.33
1.37
1.40
1.74
0.79
0.82
1.12
0.96
1.16
1.84
1.99
2.02
2.07
2.06
2.06
2.15
2.18
2.18
2.22
2.20
2.14
2.06
1.92
1.80
1.75
1.72
1.72
1.73
1.72
1.74
1.77
1.78
1.75
1.79
1.81
1.84
1.83
1.85
1.89
1.92
1.91
1.93
1.89
1.96
2.08
2.04
2.00
1.99
2.00
2.03
2.04
2.08
2.45
0.86
1.29
1.35
1.24
1.57
1.94
1.99
1.97
1.97
1.99
2.01
2.04
2.09
2.14
2.13
2.12
2.01
1.90
1.78
1.70
1.68
1.67
1.65
1.64
1.58
1.58
1.55
1.49
1.47
1.48
1.50
1.49
1.50
1.52
1.55
1.62
1.60
1.69
1.74
1.81
1.84
1.77
1.78
1.73
1.77
1.77
1.76
1.98
1.47
1.03
1.26
1.03
1.12
1.78
1.84
1.83
1.82
1.79
1.79
1.82
1.86
1.92
1.94
1.98
1.90
1.80
1.74
1.61
1.59
1.56
1.57
1.54
1.62
1.60
1.58
1.54
1.51
1.54
1.46
1.46
1.47
1.41
1.43
1.45
1.47
1.50
1.56
1.65
1.70
1.67
1.67
1.67
1.76
1.75
1.78
2.00
1.59
1.09
1.34
1.20
1.59
1.89
1.88
1.86
1.90
1.94
2.02
2.13
2.16
2.18
2.26
2.19
2.09
1.96
1.82
1.80
1.78
1.75
1.77
1.76
1.76
1.71
1.69
1.70
1.75
1.70
1.73
1.74
1.77
1.78
1.79
1.83
1.82
1.89
1.91
1.99
1.92
1.90
1.88
1.89
1.87
1.82
1.86
2.30
0.76
1.17
1.31
1.07
1.34
1.82
1.90
1.89
1.84
1.83
1.84
1.91
1.95
2.07
2.04
2.00
1.90
1.77
1.71
1.67
1.62
1.59
1.58
1.58
1.59
1.62
1.62
1.61
1.58
1.58
1.54
1.49
1.48
1.50
1.54
1.58
1.64
1.65
1.70
1.81
1.86
1.82
1.76
1.79
1.82
1.83
1.84
1.95
2.09
0.92
1.18
1.12
1.06
1.22
1.28
1.17
1.12
1.07
1.07
1.06
1.11
1.24
1.33
1.43
1.47
1.43
1.24
1.19
1.22
1.31
1.32
1.40
1.52
1.57
1.60
1.64
1.61
1.59
1.57
1.55
1.54
1.57
1.55
1.54
1.57
1.61
1.67
1.78
1.89
1.80
1.80
1.81
1.84
1.86
1.86
1.88
2.33
0.80
1.29
1.35
1.30
1.50
1.97
2.06
2.02
2.02
2.02
2.06
2.05
2.15
2.15
2.18
2.15
2.08
1.98
1.85
1.82
1.78
1.80
1.80
1.78
1.81
1.78
1.78
1.79
1.78
1.75
1.76
1.80
1.77
1.75
1.72
1.75
1.71
1.75
1.77
1.84
1.74
1.74
1.71
1.73
1.72
1.78
1.83
2.34
0.80
1.21
1.43
1.34
1.67
2.09
2.15
2.11
2.12
2.06
2.03
2.06
2.06
2.09
2.06
2.06
1.96
1.93
1.83
1.77
1.76
1.74
1.77
1.83
1.86
1.82
1.78
1.75
1.72
1.68
1.63
1.63
1.48
1.45
1.46
1.43
1.46
1.51
1.59
1.65
1.60
1.54
1.56
1.55
1.57
1.59
1.77
2.03
0.83
1.22
1.20
1.21
1.68
2.02
2.04
2.07
2.09
2.08
2.10
2.09
2.10
2.14
2.21
2.18
2.09
1.97
1.89
1.86
1.82
1.81
1.81
1.81
1.77
1.76
1.70
1.68
1.69
1.61
1.63
1.56
1.50
1.50
1.47
1.48
1.47
1.52
1.54
1.59
1.53
1.51
1.51
1.60
1.51
1.55
1.70
2.04
1.81
2.12
1.90
2.06
1.92
2.24
2.01
2.08
1.64
1.65
1.35
1.53
1.38
1.58
1.36
1.57
1.36
1.57
1.85
1.90
1.89
1.82
1.79
1.77
1.72
1.71
1.69
2.04
1.01
0.98
1.26
1.02
1.26
1.89
2.08
2.18
2.18
2.19
2.17
2.17
2.20
2.14
2.14
2.11
2.02
1.90
1.78
1.62
1.71
1.70
1.71
1.67
1.67
1.67
1.62
1.58
1.54
1.47
1.50
1.47
1.52
1.51
1.59
1.61
1.64
1.70
1.74
1.80
1.82
1.74
1.69
1.64
1.56
1.52
1.51
1.64
1.83
0.68
1.07
1.14
1.20
1.61
2.01
2.02
2.04
2.01
1.96
1.95
1.97
1.96
2.04
2.03
1.98
1.86
1.76
1.70
1.67
1.65
1.67
1.68
1.66
1.67
1.66
1.65
1.60
1.62
1.62
1.62
1.66
1.70
1.71
1.75
1.80
1.82
1.85
1.95
1.98
2.01
1.88
1.77
1.67
1.62
1.62
1.64
1.69
2.18
0.63
1.05
1.27
1.22
1.46
1.99
2.05
1.99
1.93
1.90
1.90
1.91
1.96
1.99
2.05
2.06
2.09
2.01
1.89
1.77
1.67
1.65
1.64
1.64
1.62
1.63
1.59
1.59
1.54
1.56
1.58
1.64
1.71
1.78
1.71
1.64
1.61
1.63
1.68
1.76
1.79
1.72
1.70
1.72
1.77
1.76
1.78
2.04
1.76
0.94
1.20
1.15
1.27
1.81
2.21
2.29
2.36
2.34
2.38
2.40
2.45
2.45
2.44
2.42
2.33
2.19
2.05
1.91
1.81
1.75
1.77
1.80
1.79
1.82
1.81
1.80
1.73
1.70
1.67
1.67
1.72
1.76
1.80
1.82
1.85
1.88
1.88
1.89
1.85
1.80
1.71
1.60
1.56
1.56
1.58
1.57
1.58
1.80
1.86
0.82
1.15
1.12
1.12
1.52
1.78
1.83
1.83
1.81
1.86
1.93
2.06
2.10
2.19
2.17
2.15
2.02
1.82
1.62
1.49
1.43
1.40
1.43
1.45
valuesToSample: 1000
SamplePerSecond: 49.97