1.79
1.63
1.91
1.58
2.01
1.67
1.97
1.66
1.87
1.77
1.66
1.93
1.53
1.94
1.50
1.93
1.58
1.77
1.77
1.60
2.25
2.14
1.97
0.57
0.88
1.04
0.93
1.45
0.92
1.27
1.12
1.24
1.56
1.55
2.14
1.82
2.05
2.00
1.87
2.17
1.78
2.13
1.85
1.96
2.03
1.76
2.19
1.78
2.14
1.99
2.03
2.23
1.92
2.34
2.03
2.28
2.20
2.05
2.29
1.80
2.13
1.77
1.79
1.83
1.50
1.84
1.42
1.67
1.53
1.43
1.71
1.31
1.75
1.43
1.57
1.62
1.39
1.78
1.42
1.71
1.54
1.52
1.76
1.32
1.73
1.42
1.55
1.58
1.31
1.70
1.30
1.67
1.46
1.43
1.71
1.38
1.76
1.48
1.62
1.71
1.46
1.84
1.48
1.70
1.70
1.52
1.86
1.49
1.90
1.64
1.71
1.82
1.49
1.85
1.49
1.69
1.68
1.68
1.49
1.81
1.44
2.03
2.26
1.89
1.05
0.42
1.06
0.87
1.01
1.32
0.84
1.27
1.07
1.29
1.59
1.50
2.08
1.83
2.03
2.11
1.81
2.22
1.80
2.04
2.03
1.80
2.19
1.79
2.10
2.06
1.94
2.29
1.93
2.29
2.16
2.11
2.39
1.97
2.36
2.19
2.04
2.25
1.82
2.12
1.81
1.78
1.89
1.48
1.87
1.47
1.57
1.67
1.33
1.75
1.43
1.61
1.61
1.39
1.78
1.40
1.69
1.61
1.44
1.77
1.38
1.69
1.58
1.40
1.74
1.33
1.66
1.54
1.43
1.71
1.32
1.68
1.52
1.50
1.75
1.35
1.75
1.48
1.53
1.72
1.35
1.77
1.41
1.57
1.69
1.37
1.81
1.40
1.66
1.70
1.48
1.82
1.41
1.69
1.59
1.43
1.77
1.42
1.72
1.55
1.47
1.80
1.38
1.81
1.62
1.89
2.51
1.77
0.97
0.59
0.91
1.11
0.97
1.37
0.96
1.18
1.31
1.21
1.75
1.62
2.11
1.99
1.90
2.17
1.76
2.15
1.87
1.96
2.10
1.77
2.21
1.87
2.09
2.09
1.89
2.23
1.91
2.25
2.08
2.10
2.35
1.99
2.32
1.99
2.14
2.08
1.76
2.11
1.64
1.88
1.77
1.60
1.83
1.42
1.83
1.47
1.55
1.74
1.35
1.73
1.52
1.54
1.77
1.41
1.82
1.52
1.65
1.76
1.44
1.87
1.51
1.67
1.69
1.45
1.82
1.40
1.73
1.58
1.46
1.83
1.37
1.73
1.53
1.50
1.76
1.38
1.74
1.52
1.55
1.75
1.36
1.77
1.47
1.54
1.69
1.39
1.80
1.55
1.69
1.76
1.47
1.85
1.42
1.70
1.68
1.45
1.84
1.42
1.76
1.63
1.53
1.82
1.43
1.92
1.98
2.28
1.99
0.49
0.98
0.90
0.99
1.33
1.01
1.32
1.04
1.33
1.47
1.42
2.11
1.78
2.07
2.05
1.82
2.21
1.83
2.12
2.05
1.87
2.20
1.81
2.18
2.01
1.93
2.25
1.87
2.26
2.07
2.05
2.31
1.93
2.37
2.10
2.09
2.23
1.83
2.15
1.75
1.83
1.87
1.50
1.90
1.48
1.63
1.62
1.38
1.72
1.33
1.58
1.55
1.40
1.76
1.35
1.66
1.56
1.41
1.76
1.37
1.73
1.56
1.53
1.75
1.42
1.78
1.50
1.56
1.74
1.42
1.80
1.51
1.67
1.71
1.47
1.93
1.50
1.76
1.73
1.52
1.88
1.47
1.84
1.68
1.55
1.91
1.50
1.85
1.67
1.50
1.93
1.67
1.77
1.96
1.57
1.95
1.58
1.74
1.80
1.51
1.92
1.55
1.76
1.79
1.54
1.91
1.49
1.82
1.89
2.10
2.43
0.98
0.75
0.89
0.82
1.26
0.94
1.29
0.99
1.12
1.43
1.22
1.91
1.84
1.97
2.17
1.84
2.24
1.91
2.05
2.10
1.80
2.18
1.79
2.08
2.05
1.86
2.23
1.83
2.17
2.04
1.95
2.26
1.87
2.23
2.03
1.96
2.20
1.78
2.09
1.79
1.77
1.92
1.54
1.85
1.53
1.59
1.71
1.38
1.72
1.37
1.53
1.60
1.29
1.70
1.31
1.54
1.54
1.32
1.73
1.30
1.62
1.54
1.31
1.70
1.27
1.58
1.49
1.34
1.68
1.28
1.64
1.49
1.43
1.68
1.29
1.71
1.46
1.50
1.72
1.32
1.76
1.47
1.55
1.75
1.36
1.79
1.39
1.63
1.69
1.47
1.91
1.54
1.78
1.74
1.50
1.81
1.43
1.78
1.58
1.54
1.82
1.41
1.81
1.55
1.59
1.81
1.56
2.29
2.26
1.72
0.71
0.82
1.14
1.27
0.87
1.33
1.09
1.45
1.60
1.65
2.17
1.81
2.14
2.00
1.87
2.20
1.76
2.11
1.99
1.89
2.23
1.84
2.21
1.94
2.04
2.22
1.91
2.32
2.00
2.16
2.26
2.01
2.36
1.97
2.19
2.07
1.80
2.11
1.67
1.91
1.74
1.53
1.83
1.41
1.75
1.53
1.47
1.73
1.35
1.71
1.49
1.55
1.77
1.40
1.84
1.57
1.63
1.85
1.48
1.90
1.57
1.74
1.82
1.53
1.93
1.58
1.78
1.79
1.54
1.94
1.51
1.80
1.76
1.56
1.92
1.54
1.83
1.76
1.57
1.89
1.51
1.83
1.68
1.59
1.87
1.47
1.85
1.65
1.66
1.94
1.57
1.94
1.63
1.72
1.83
1.51
1.89
1.53
1.70
1.78
1.49
1.87
1.49
1.76
1.75
1.55
2.22
2.17
2.02
0.76
0.52
1.12
0.77
1.26
1.10
0.95
1.30
1.00
1.47
1.46
1.80
2.09
1.79
2.23
1.88
1.97
2.07
1.80
2.16
1.79
2.04
1.99
1.82
2.19
1.81
2.13
2.33
1.92
2.26
2.17
2.03
2.33
1.92
2.22
1.95
1.89
2.05
1.62
1.92
1.60
1.60
1.70
1.37
1.72
1.36
1.55
1.64
1.40
1.73
1.34
1.66
1.58
1.45
1.76
1.38
1.75
1.56
1.51
1.79
1.38
1.79
1.54
1.54
1.78
1.37
1.82
1.54
1.60
1.74
1.44
1.83
1.49
1.65
1.73
1.42
1.85
1.44
1.65
1.67
1.79
1.84
1.75
1.54
1.76
1.73
1.68
1.56
1.64
2.04
2.06
0.72
0.99
1.30
1.23
1.35
1.32
2.04
2.11
1.94
1.74
2.07
2.09
1.89
1.71
1.78
2.04
1.97
1.94
1.88
1.89
1.99
1.68
1.50
1.50
1.53
1.46
1.36
1.40
1.50
1.68
1.52
1.49
1.51
1.84
1.70
1.50
1.65
1.88
1.78
1.48
1.75
1.84
2.06
1.71
2.07
1.88
1.73
2.03
1.64
1.84
1.87
1.55
1.95
1.66
1.65
1.92
1.50
1.85
1.79
1.64
2.07
1.82
2.31
2.67
1.58
0.97
0.96
0.97
1.37
1.18
1.35
1.35
1.26
1.37
1.86
1.67
2.09
1.97
1.84
2.15
1.74
1.96
2.05
1.71
2.14
1.85
1.84
2.13
1.74
2.06
2.03
1.76
2.18
1.86
1.98
2.18
1.82
2.19
2.00
1.89
2.23
1.79
1.95
1.97
1.61
1.92
1.54
1.52
1.68
1.26
1.55
1.43
1.23
1.56
1.20
1.35
1.50
1.18
1.56
1.31
1.21
1.59
1.22
1.46
1.44
1.19
1.59
1.27
1.34
1.57
1.17
1.53
1.39
1.23
1.65
1.21
1.47
1.56
1.19
1.61
1.35
1.40
1.65
1.26
1.61
1.50
1.35
1.71
1.34
1.54
1.63
1.28
1.70
1.53
1.39
1.75
1.38
1.62
1.69
1.46
1.87
1.62
1.59
1.89
1.47
1.77
1.74
1.48
1.89
1.53
1.64
1.87
1.49
1.84
1.75
1.56
1.94
1.69
2.17
2.60
1.70
0.96
0.76
0.91
1.22
1.03
1.35
1.31
1.00
1.52
1.30
1.40
1.94
1.78
2.18
2.16
1.92
2.31
2.02
2.09
2.28
1.88
2.23
2.12
1.94
2.29
1.91
2.12
2.33
2.03
2.07
2.34
2.00
2.33
2.23
2.04
2.45
2.01
2.12
2.20
1.79
2.10
1.83
1.68
1.94
1.51
1.72
1.74
1.42
1.84
1.52
1.53
1.79
1.39
1.74
1.68
1.45
1.87
valuesToSample: 1000
SamplePerSecond: 109.52